(1988,6.1921904E7)
(1989,4.883314E7)
(1990,5.0677768E7)
(1991,5.9542776E7)
(1992,5.2449456E7)
(1993,4.848888E7)
(1994,5.0419904E7)
(1995,5.372494E7)
(1996,5.303634E7)
(1997,5.0396028E7)
(1998,4.7977076E7)
(1999,4.6818948E7)
(2000,5.5856092E7)
(2001,5.3965584E7)
(2002,5.7052908E7)
(2003,6.4452428E7)
(2004,7.7615848E7)
(2005,8.5814904E7)
(2006,9.8143672E7)
(2007,1.13612624E8)
(2008,1.35629696E8)
(2009,1.04573496E8)
(2010,1.26631688E8)
(2011,1.52401648E8)
(2012,1.50358272E8)
(2013,1.5638288E8)
(2014,1.58505696E8)
(2015,1.394116E8)
(2016,1.37984448E8)
